(module OSHWLOGO_TOP_0.2 (layer F.Cu) (tedit 5EAEFC21)
  (fp_text reference 1 (at 0 -3.575) (layer F.SilkS) hide
    (effects (font (size 1.143 1.143) (thickness 0.152)) (justify left))
  )
  (fp_text value OSHW-LOGOM (at 0 -5.08) (layer F.Fab) hide
    (effects (font (size 1.143 1.143) (thickness 0.152)) (justify left))
  )
  (fp_arc (start -0.001 0) (end 0.925 1.481) (angle 9.501) (layer Cmts.User) (width 0.254))
  (fp_line (start 0.925 1.481) (end 1.564 2.002) (layer Cmts.User) (width 0.254))
  (fp_line (start 1.564 2.002) (end 2.002 1.564) (layer Cmts.User) (width 0.254))
  (fp_line (start 2.002 1.564) (end 1.481 0.925) (layer Cmts.User) (width 0.254))
  (fp_arc (start 0 0) (end 1.702 0.393) (angle 19.004) (layer Cmts.User) (width 0.254))
  (fp_line (start 1.702 0.393) (end 2.521 0.31) (layer Cmts.User) (width 0.254))
  (fp_line (start 2.521 0.31) (end 2.521 -0.31) (layer Cmts.User) (width 0.254))
  (fp_line (start 2.521 -0.31) (end 1.702 -0.393) (layer Cmts.User) (width 0.254))
  (fp_arc (start 0 0) (end 1.481 -0.925) (angle 19.004) (layer Cmts.User) (width 0.254))
  (fp_line (start 1.481 -0.925) (end 2.002 -1.564) (layer Cmts.User) (width 0.254))
  (fp_line (start 2.002 -1.564) (end 1.564 -2.002) (layer Cmts.User) (width 0.254))
  (fp_line (start 1.564 -2.002) (end 0.925 -1.481) (layer Cmts.User) (width 0.254))
  (fp_arc (start 0 0) (end 0.393 -1.702) (angle 19.004) (layer Cmts.User) (width 0.254))
  (fp_line (start 0.393 -1.702) (end 0.31 -2.521) (layer Cmts.User) (width 0.254))
  (fp_line (start 0.31 -2.521) (end -0.31 -2.521) (layer Cmts.User) (width 0.254))
  (fp_line (start -0.31 -2.521) (end -0.393 -1.702) (layer Cmts.User) (width 0.254))
  (fp_arc (start 0 0) (end -0.925 -1.481) (angle 19.004) (layer Cmts.User) (width 0.254))
  (fp_line (start -0.925 -1.481) (end -1.564 -2.002) (layer Cmts.User) (width 0.254))
  (fp_line (start -1.564 -2.002) (end -2.002 -1.564) (layer Cmts.User) (width 0.254))
  (fp_line (start -2.002 -1.564) (end -1.481 -0.925) (layer Cmts.User) (width 0.254))
  (fp_arc (start 0 0) (end -1.702 -0.393) (angle 19.004) (layer Cmts.User) (width 0.254))
  (fp_line (start -1.702 -0.393) (end -2.521 -0.31) (layer Cmts.User) (width 0.254))
  (fp_line (start -2.521 -0.31) (end -2.521 0.31) (layer Cmts.User) (width 0.254))
  (fp_line (start -2.521 0.31) (end -1.702 0.393) (layer Cmts.User) (width 0.254))
  (fp_arc (start 0 0) (end -1.481 0.925) (angle 19.004) (layer Cmts.User) (width 0.254))
  (fp_line (start -1.481 0.925) (end -2.002 1.564) (layer Cmts.User) (width 0.254))
  (fp_line (start -2.002 1.564) (end -1.564 2.002) (layer Cmts.User) (width 0.254))
  (fp_line (start -1.564 2.002) (end -0.925 1.481) (layer Cmts.User) (width 0.254))
  (fp_arc (start 0.001 0) (end -0.668 1.613) (angle 9.501) (layer Cmts.User) (width 0.254))
  (fp_line (start -0.668 1.613) (end -0.304 0.733) (layer Cmts.User) (width 0.254))
  (fp_arc (start 0 0) (end -0.304 0.733) (angle 67.496) (layer Cmts.User) (width 0.254))
  (fp_arc (start 0 0) (end -0.794 0) (angle 247.499) (layer Cmts.User) (width 0.254))
  (fp_line (start 0.304 0.733) (end 0.668 1.613) (layer Cmts.User) (width 0.254))
  (fp_poly (pts (xy 0.668 1.613) (xy 0.8 1.552) (xy 0.925 1.481) (xy 1.564 2.002)
    (xy 2.002 1.564) (xy 1.481 0.925) (xy 1.574 0.756) (xy 1.648 0.578)
    (xy 1.702 0.393) (xy 2.521 0.31) (xy 2.521 -0.31) (xy 1.702 -0.393)
    (xy 1.648 -0.578) (xy 1.574 -0.756) (xy 1.481 -0.925) (xy 2.002 -1.564)
    (xy 1.564 -2.002) (xy 0.925 -1.481) (xy 0.756 -1.574) (xy 0.578 -1.648)
    (xy 0.393 -1.702) (xy 0.31 -2.521) (xy -0.31 -2.521) (xy -0.393 -1.702)
    (xy -0.578 -1.648) (xy -0.756 -1.574) (xy -0.925 -1.481) (xy -1.564 -2.002)
    (xy -2.002 -1.564) (xy -1.481 -0.925) (xy -1.574 -0.756) (xy -1.648 -0.578)
    (xy -1.702 -0.393) (xy -2.521 -0.31) (xy -2.521 0.31) (xy -1.702 0.393)
    (xy -1.648 0.578) (xy -1.574 0.756) (xy -1.481 0.925) (xy -2.002 1.564)
    (xy -1.564 2.002) (xy -0.925 1.481) (xy -0.8 1.552) (xy -0.668 1.613)
    (xy -0.304 0.733) (xy -0.388 0.693) (xy -0.467 0.642) (xy -0.539 0.583)
    (xy -0.604 0.516) (xy -0.66 0.441) (xy -0.707 0.36) (xy -0.745 0.275)
    (xy -0.772 0.185) (xy -0.788 0.093) (xy -0.794 0) (xy -0.788 -0.098)
    (xy -0.77 -0.194) (xy -0.74 -0.287) (xy -0.699 -0.376) (xy -0.647 -0.459)
    (xy -0.586 -0.535) (xy -0.516 -0.604) (xy -0.437 -0.662) (xy -0.352 -0.711)
    (xy -0.262 -0.749) (xy -0.168 -0.776) (xy -0.071 -0.79) (xy 0.027 -0.793)
    (xy 0.124 -0.784) (xy 0.22 -0.763) (xy 0.312 -0.73) (xy 0.399 -0.686)
    (xy 0.481 -0.631) (xy 0.555 -0.567) (xy 0.621 -0.495) (xy 0.677 -0.415)
    (xy 0.723 -0.328) (xy 0.758 -0.237) (xy 0.781 -0.142) (xy 0.792 -0.044)
    (xy 0.792 0.053) (xy 0.779 0.151) (xy 0.755 0.245) (xy 0.719 0.336)
    (xy 0.672 0.422) (xy 0.615 0.502) (xy 0.549 0.574) (xy 0.474 0.637)
    (xy 0.392 0.69) (xy 0.304 0.733)) (layer F.Cu) (width 0))
  (fp_arc (start -0.001 0) (end 0.925 1.481) (angle 9.501) (layer F.Cu) (width 0.254))
  (fp_line (start 0.925 1.481) (end 1.564 2.002) (layer F.Cu) (width 0.254))
  (fp_line (start 1.564 2.002) (end 2.002 1.564) (layer F.Cu) (width 0.254))
  (fp_line (start 2.002 1.564) (end 1.481 0.925) (layer F.Cu) (width 0.254))
  (fp_arc (start 0 0) (end 1.702 0.393) (angle 19.004) (layer F.Cu) (width 0.254))
  (fp_line (start 1.702 0.393) (end 2.521 0.31) (layer F.Cu) (width 0.254))
  (fp_line (start 2.521 0.31) (end 2.521 -0.31) (layer F.Cu) (width 0.254))
  (fp_line (start 2.521 -0.31) (end 1.702 -0.393) (layer F.Cu) (width 0.254))
  (fp_arc (start 0 0) (end 1.481 -0.925) (angle 19.004) (layer F.Cu) (width 0.254))
  (fp_line (start 1.481 -0.925) (end 2.002 -1.564) (layer F.Cu) (width 0.254))
  (fp_line (start 2.002 -1.564) (end 1.564 -2.002) (layer F.Cu) (width 0.254))
  (fp_line (start 1.564 -2.002) (end 0.925 -1.481) (layer F.Cu) (width 0.254))
  (fp_arc (start 0 0) (end 0.393 -1.702) (angle 19.004) (layer F.Cu) (width 0.254))
  (fp_line (start 0.393 -1.702) (end 0.31 -2.521) (layer F.Cu) (width 0.254))
  (fp_line (start 0.31 -2.521) (end -0.31 -2.521) (layer F.Cu) (width 0.254))
  (fp_line (start -0.31 -2.521) (end -0.393 -1.702) (layer F.Cu) (width 0.254))
  (fp_arc (start 0 0) (end -0.925 -1.481) (angle 19.004) (layer F.Cu) (width 0.254))
  (fp_line (start -0.925 -1.481) (end -1.564 -2.002) (layer F.Cu) (width 0.254))
  (fp_line (start -1.564 -2.002) (end -2.002 -1.564) (layer F.Cu) (width 0.254))
  (fp_line (start -2.002 -1.564) (end -1.481 -0.925) (layer F.Cu) (width 0.254))
  (fp_arc (start 0 0) (end -1.702 -0.393) (angle 19.004) (layer F.Cu) (width 0.254))
  (fp_line (start -1.702 -0.393) (end -2.521 -0.31) (layer F.Cu) (width 0.254))
  (fp_line (start -2.521 -0.31) (end -2.521 0.31) (layer F.Cu) (width 0.254))
  (fp_line (start -2.521 0.31) (end -1.702 0.393) (layer F.Cu) (width 0.254))
  (fp_arc (start 0 0) (end -1.481 0.925) (angle 19.004) (layer F.Cu) (width 0.254))
  (fp_line (start -1.481 0.925) (end -2.002 1.564) (layer F.Cu) (width 0.254))
  (fp_line (start -2.002 1.564) (end -1.564 2.002) (layer F.Cu) (width 0.254))
  (fp_line (start -1.564 2.002) (end -0.925 1.481) (layer F.Cu) (width 0.254))
  (fp_arc (start 0.001 0) (end -0.668 1.613) (angle 9.501) (layer F.Cu) (width 0.254))
  (fp_line (start -0.668 1.613) (end -0.304 0.733) (layer F.Cu) (width 0.254))
  (fp_arc (start 0 0) (end -0.304 0.733) (angle 67.496) (layer F.Cu) (width 0.254))
  (fp_arc (start 0 0) (end -0.794 0) (angle 247.499) (layer F.Cu) (width 0.254))
  (fp_line (start 0.304 0.733) (end 0.668 1.613) (layer F.Cu) (width 0.254))
)
